epoch, auc score
0, 0.5837237317628162
1, 0.5838575826529246
2, 0.5866684513452014
3, 0.5843929862133583
4, 0.5953687592022486
5, 0.6000535403560433
6, 0.6084861464328737
7, 0.6174541560701379
8, 0.6308392450809799
9, 0.6392718511578102
10, 0.6357917280149913
11, 0.6387364475973765
12, 0.6473029045643153
13, 0.6464997992236647
14, 0.6483737116851827
15, 0.6485075625752912
16, 0.6407442109490028
17, 0.6404765091687858
18, 0.6419488689599786
19, 0.642082719850087
20, 0.6486414134653995
21, 0.661223397135591
22, 0.6842457502342391
23, 0.7118190335965734
24, 0.7301566055414268
25, 0.7522420024093159
26, 0.7683041092223263
27, 0.7806183911123009
28, 0.7893186989693481
29, 0.797885155936287
30, 0.8081916744746352
31, 0.8139472627492973
32, 0.8174273858921162
33, 0.8213090617052603
34, 0.8235845268371035
35, 0.8255922901887297
36, 0.8281354571007897
37, 0.8292062642216571
38, 0.8330879400348012
39, 0.8352295542765359
40, 0.8352295542765359
41, 0.8367019140677285
42, 0.8373711685182706
43, 0.835898808727078
44, 0.8365680631776201
45, 0.8363003613974033
46, 0.836835764957837
47, 0.8372373176281622
48, 0.8387096774193549
49, 0.840985142551198
50, 0.8408512916610895
51, 0.8424575023423906
52, 0.8417882478918485
53, 0.8423236514522822
54, 0.8413866952215232
55, 0.8423236514522822
56, 0.8424575023423905
57, 0.8437960112434748
58, 0.842591353232499
59, 0.842591353232499
60, 0.842591353232499
61, 0.8427252041226073
62, 0.8415205461116316
63, 0.8428590550127157
64, 0.8429929059028242
65, 0.8433944585731495
66, 0.8429929059028243
67, 0.8439298621335832
68, 0.8439298621335832
69, 0.8439298621335832
70, 0.8441975639138001
71, 0.8444652656940168
72, 0.8441975639138001
73, 0.8436621603533664
74, 0.8440637130236915
75, 0.843260607683041
76, 0.8451345201445589
77, 0.8448668183643421
78, 0.843528309463258
79, 0.8440637130236915
80, 0.8444652656940168
81, 0.8450006692544506
82, 0.8441975639138001
83, 0.8451345201445589
84, 0.8443314148039084
85, 0.8447329674742337
86, 0.8441975639138
87, 0.8448668183643421
88, 0.8445991165841252
89, 0.8447329674742337
90, 0.8451345201445589
91, 0.8459376254852095
92, 0.8456699237049926
93, 0.8444652656940168
94, 0.8443314148039085
95, 0.8452683710346673
96, 0.8452683710346673
97, 0.8455360728148843
98, 0.8454022219247758
99, 0.8459376254852095
100, 0.8454022219247758
101, 0.8452683710346673
102, 0.8462053272654264
103, 0.8466068799357516
104, 0.8471422834961853
105, 0.8460714763753179
106, 0.84674073082586
107, 0.8468745817159684
108, 0.8462053272654263
109, 0.84674073082586
110, 0.8470084326060768
111, 0.8472761343862937
112, 0.8475438361665105
113, 0.8470084326060768
114, 0.8471422834961853
115, 0.8471422834961853
116, 0.8480792397269441
117, 0.8474099852764021
118, 0.8488823450675947
119, 0.8471422834961853
120, 0.8468745817159684
121, 0.8474099852764021
122, 0.8470084326060767
123, 0.8471422834961853
124, 0.8471422834961853
125, 0.8475438361665105
126, 0.8463391781555347
127, 0.8482130906170526
128, 0.8468745817159684
129, 0.8452683710346673
130, 0.8475438361665105
131, 0.8479453888368358
132, 0.8468745817159684
133, 0.8459376254852096
134, 0.8466068799357516
135, 0.8464730290456431
136, 0.8463391781555347
137, 0.8462053272654263
138, 0.845803774595101
139, 0.8450006692544505
140, 0.8451345201445589
141, 0.8451345201445589
142, 0.8441975639138
143, 0.8448668183643421
144, 0.8445991165841253
145, 0.8441975639138
146, 0.8444652656940168
147, 0.8444652656940168
148, 0.8447329674742337
149, 0.845134520144559
150, 0.8452683710346673
151, 0.8455360728148842
152, 0.8454022219247759
153, 0.8445991165841253
154, 0.8445991165841253
155, 0.8452683710346673
156, 0.84674073082586
157, 0.845803774595101
158, 0.8454022219247759
159, 0.845803774595101
160, 0.8450006692544505
161, 0.8444652656940169
162, 0.8444652656940169
163, 0.8456699237049927
164, 0.8456699237049926
165, 0.8450006692544505
166, 0.8447329674742338
167, 0.845803774595101
168, 0.845134520144559
169, 0.8462053272654263
170, 0.8458037745951011
171, 0.8445991165841253
172, 0.8440637130236917
173, 0.8444652656940168
174, 0.8445991165841253
175, 0.8456699237049926
176, 0.8448668183643422
177, 0.8443314148039085
178, 0.8459376254852096
179, 0.8456699237049927
180, 0.8447329674742337
181, 0.8448668183643422
182, 0.845134520144559
183, 0.845134520144559
184, 0.8455360728148842
185, 0.8452683710346673
186, 0.8441975639138001
187, 0.845134520144559
188, 0.8454022219247758
189, 0.8463391781555348
190, 0.8467407308258601
191, 0.8468745817159684
192, 0.8456699237049927
193, 0.8462053272654264
194, 0.8460714763753179
195, 0.8444652656940169
196, 0.8456699237049926
197, 0.8456699237049926
198, 0.8459376254852095
199, 0.8466068799357516
200, 0.8464730290456431
201, 0.845803774595101
202, 0.8452683710346673
203, 0.8456699237049927
204, 0.8462053272654263
205, 0.8441975639138001
206, 0.845803774595101
207, 0.8463391781555347
208, 0.8459376254852096
209, 0.8459376254852095
210, 0.845134520144559
211, 0.8455360728148842
212, 0.8451345201445589
213, 0.8448668183643422
214, 0.8474099852764021
215, 0.8470084326060769
216, 0.8462053272654263
217, 0.8444652656940168
218, 0.8439298621335832
219, 0.8435283094632579
220, 0.8433944585731495
221, 0.8439298621335832
222, 0.8427252041226074
223, 0.8428590550127159
224, 0.8441975639138001
225, 0.8447329674742338
226, 0.8459376254852095
227, 0.8447329674742337
228, 0.8450006692544505
229, 0.8456699237049926
230, 0.8450006692544506
231, 0.8428590550127159
232, 0.8436621603533663
233, 0.8433944585731495
234, 0.8432606076830411
235, 0.8440637130236917
236, 0.8445991165841253
237, 0.8441975639138001
238, 0.8447329674742339
239, 0.8448668183643422
240, 0.8444652656940169
241, 0.8436621603533664
242, 0.8433944585731495
243, 0.8440637130236915
244, 0.8427252041226073
245, 0.8428590550127159
246, 0.8444652656940169
247, 0.843528309463258
248, 0.8432606076830411
249, 0.843528309463258
250, 0.8444652656940168
251, 0.8451345201445589
252, 0.8436621603533664
253, 0.8445991165841252
254, 0.843528309463258
255, 0.8429929059028243
256, 0.8424575023423906
257, 0.8436621603533664
258, 0.8440637130236917
259, 0.8429929059028243
260, 0.8443314148039084
261, 0.8445991165841253
262, 0.8450006692544506
263, 0.8448668183643421
264, 0.8436621603533664
265, 0.8445991165841253
266, 0.8440637130236917
267, 0.8439298621335832
268, 0.8429929059028243
269, 0.8436621603533664
270, 0.8448668183643421
271, 0.8441975639138001
272, 0.8456699237049926
273, 0.843528309463258
274, 0.8441975639138001
275, 0.8439298621335832
276, 0.8436621603533664
277, 0.8428590550127159
278, 0.8421898005621737
279, 0.843528309463258
280, 0.8429929059028243
281, 0.8439298621335832
282, 0.8435283094632579
283, 0.8445991165841252
284, 0.8433944585731495
285, 0.842591353232499
286, 0.8424575023423906
287, 0.842591353232499
288, 0.8437960112434748
289, 0.8431267567929327
290, 0.8431267567929327
291, 0.845803774595101
292, 0.8431267567929327
293, 0.8424575023423906
294, 0.842591353232499
295, 0.8424575023423907
296, 0.8415205461116316
297, 0.841922098781957
298, 0.8424575023423906
299, 0.8423236514522822
300, 0.8433944585731494
301, 0.8437960112434748
302, 0.8439298621335832
303, 0.8421898005621737
304, 0.8419220987819569
305, 0.8407174407709811
306, 0.8409851425511979
307, 0.8400481863204391
308, 0.8437960112434748
309, 0.8437960112434748
310, 0.841922098781957
311, 0.8411189934413065
312, 0.842591353232499
313, 0.8432606076830411
314, 0.8441975639138
315, 0.8424575023423906
316, 0.842591353232499
317, 0.8420559496720653
318, 0.8419220987819569
319, 0.84165439700174
320, 0.842591353232499
321, 0.8431267567929327
322, 0.8437960112434748
323, 0.8427252041226074
324, 0.8429929059028243
325, 0.8429929059028243
326, 0.8421898005621737
327, 0.8420559496720653
328, 0.8459376254852096
329, 0.8454022219247758
330, 0.8440637130236917
331, 0.8432606076830411
332, 0.8443314148039085
333, 0.8452683710346673
334, 0.845803774595101
335, 0.8439298621335832
336, 0.8429929059028243
337, 0.8437960112434748
338, 0.8448668183643421
339, 0.8448668183643422
340, 0.8452683710346673
341, 0.8443314148039085
342, 0.8428590550127159
343, 0.8424575023423906
344, 0.8443314148039085
345, 0.845134520144559
346, 0.8439298621335832
347, 0.8447329674742337
348, 0.845803774595101
349, 0.8464730290456431
350, 0.8468745817159684
351, 0.8441975639138001
352, 0.8445991165841253
353, 0.8463391781555347
354, 0.8437960112434747
355, 0.8441975639138
356, 0.8439298621335832
357, 0.8459376254852096
358, 0.8448668183643422
359, 0.845803774595101
360, 0.8464730290456431
361, 0.8468745817159684
362, 0.8471422834961851
363, 0.8439298621335832
364, 0.84674073082586
365, 0.8464730290456431
366, 0.8462053272654264
367, 0.8462053272654264
368, 0.8452683710346673
369, 0.8464730290456431
370, 0.8475438361665105
371, 0.84674073082586
372, 0.8464730290456431
373, 0.8476776870566191
374, 0.8447329674742337
375, 0.845134520144559
376, 0.8471422834961854
377, 0.8448668183643422
378, 0.843528309463258
379, 0.8456699237049927
380, 0.8451345201445589
381, 0.8445991165841253
382, 0.8443314148039084
383, 0.8460714763753179
384, 0.8466068799357517
385, 0.8463391781555347
386, 0.8475438361665105
387, 0.8474099852764021
388, 0.8464730290456431
389, 0.84674073082586
390, 0.846071476375318
391, 0.8456699237049926
392, 0.847677687056619
393, 0.8475438361665105
394, 0.8445991165841252
395, 0.8468745817159685
396, 0.8486146432873779
397, 0.845803774595101
398, 0.8455360728148843
399, 0.8480792397269442
400, 0.8466068799357517
401, 0.8471422834961853
402, 0.8464730290456431
403, 0.8470084326060768
404, 0.8463391781555347
405, 0.8472761343862937
406, 0.8454022219247758
407, 0.8462053272654263
408, 0.8470084326060768
409, 0.8484807923972695
410, 0.8471422834961851
411, 0.8463391781555348
412, 0.8475438361665105
413, 0.845803774595101
414, 0.8475438361665104
415, 0.84674073082586
416, 0.8479453888368358
417, 0.8475438361665105
418, 0.84674073082586
419, 0.8448668183643421
420, 0.8459376254852095
421, 0.8472761343862937
422, 0.8452683710346675
423, 0.8459376254852095
424, 0.8445991165841253
425, 0.845803774595101
426, 0.8441975639138001
427, 0.8432606076830411
428, 0.8454022219247758
429, 0.845803774595101
430, 0.8471422834961853
431, 0.845803774595101
432, 0.8452683710346673
433, 0.8466068799357516
434, 0.8470084326060768
435, 0.8441975639138
436, 0.8452683710346673
437, 0.8462053272654263
438, 0.8464730290456431
439, 0.8456699237049926
440, 0.8471422834961853
441, 0.8466068799357516
442, 0.8455360728148842
443, 0.8456699237049926
444, 0.8452683710346673
445, 0.8455360728148842
446, 0.8474099852764021
447, 0.8471422834961853
448, 0.8472761343862937
449, 0.8480792397269442
450, 0.8484807923972695
451, 0.8494177486280283
452, 0.8479453888368357
453, 0.8487484941774862
454, 0.8480792397269442
455, 0.8483469415071611
456, 0.8482130906170526
457, 0.8478115379467274
458, 0.847677687056619
459, 0.8475438361665105
460, 0.8472761343862937
461, 0.8472761343862936
462, 0.8466068799357516
463, 0.8472761343862937
464, 0.8487484941774863
465, 0.8479453888368357
466, 0.8482130906170525
467, 0.8482130906170525
468, 0.8488823450675947
469, 0.8474099852764021
470, 0.8471422834961853
471, 0.8487484941774862
472, 0.8470084326060768
473, 0.8471422834961853
474, 0.8464730290456431
475, 0.8466068799357516
476, 0.8471422834961853
477, 0.8468745817159684
478, 0.8447329674742337
479, 0.8459376254852096
480, 0.8459376254852095
481, 0.8462053272654263
482, 0.84674073082586
483, 0.8480792397269442
484, 0.8480792397269441
485, 0.8479453888368358
486, 0.8474099852764021
487, 0.8466068799357516
488, 0.8480792397269442
489, 0.8472761343862937
490, 0.8484807923972695
491, 0.8480792397269442
492, 0.8494177486280284
493, 0.848346941507161
494, 0.8478115379467274
495, 0.8474099852764021
496, 0.8472761343862937
497, 0.84674073082586
498, 0.8480792397269442
499, 0.8488823450675946
500, 0.8494177486280283
501, 0.8488823450675947
502, 0.8480792397269442
503, 0.8482130906170525
504, 0.8495515995181367
505, 0.8494177486280283
506, 0.8488823450675946
507, 0.8488823450675947
508, 0.8479453888368358
509, 0.8483469415071611
510, 0.8488823450675946
511, 0.8491500468478116
512, 0.8480792397269442
513, 0.84928389773792
514, 0.84928389773792
515, 0.8482130906170526
516, 0.8491500468478115
517, 0.8488823450675946
518, 0.8494177486280284
519, 0.8484807923972695
520, 0.8475438361665105
521, 0.8498193012983537
522, 0.8496854504082452
523, 0.8486146432873778
524, 0.8484807923972695
525, 0.8491500468478115
526, 0.8487484941774863
527, 0.8498193012983537
528, 0.8496854504082452
529, 0.8518270646499799
530, 0.8512916610895462
531, 0.8512916610895462
532, 0.8507562575291125
533, 0.8523624682104136
534, 0.8510239593093294
535, 0.850890108419221
536, 0.852496319100522
537, 0.8510239593093294
538, 0.8518270646499799
539, 0.850890108419221
540, 0.8515593628697631
541, 0.8506224066390041
542, 0.8503547048587873
543, 0.8512916610895462
544, 0.850890108419221
545, 0.8496854504082452
546, 0.8507562575291125
547, 0.8503547048587874
548, 0.850890108419221
549, 0.8494177486280284
550, 0.8514255119796547
551, 0.8507562575291125
552, 0.8502208539686789
553, 0.8516932137598715
554, 0.8511578101994378
555, 0.8518270646499799
556, 0.8515593628697631
557, 0.8510239593093294
558, 0.8512916610895462
559, 0.850890108419221
560, 0.8480792397269441
561, 0.8495515995181367
562, 0.8490161959577032
563, 0.8500870030785704
564, 0.8484807923972695
565, 0.8496854504082452
566, 0.849953152188462
567, 0.8471422834961853
568, 0.8488823450675946
569, 0.8487484941774862
570, 0.8494177486280283
571, 0.8502208539686789
572, 0.8512916610895462
573, 0.8498193012983536
574, 0.8494177486280283
575, 0.8510239593093294
576, 0.8484807923972695
577, 0.8496854504082453
578, 0.8494177486280283
579, 0.849953152188462
580, 0.8502208539686789
581, 0.8495515995181369
582, 0.8512916610895462
583, 0.8494177486280283
584, 0.8491500468478115
585, 0.8486146432873778
586, 0.8494177486280283
587, 0.8499531521884621
588, 0.8495515995181369
589, 0.8491500468478116
590, 0.8478115379467274
591, 0.8488823450675946
592, 0.8491500468478116
593, 0.84928389773792
594, 0.8496854504082452
595, 0.849953152188462
596, 0.8496854504082453
597, 0.8492838977379199
598, 0.8500870030785705
599, 0.8506224066390041
600, 0.8503547048587874
601, 0.8495515995181369
602, 0.8496854504082452
603, 0.84928389773792
604, 0.8491500468478116
605, 0.8494177486280283
606, 0.8500870030785704
607, 0.8515593628697631
608, 0.8510239593093294
609, 0.8496854504082452
610, 0.850890108419221
611, 0.850890108419221
612, 0.8511578101994378
613, 0.8506224066390041
614, 0.8503547048587874
615, 0.8518270646499799
616, 0.8510239593093294
617, 0.8503547048587873
618, 0.8490161959577032
619, 0.849953152188462
620, 0.8506224066390042
621, 0.8502208539686789
622, 0.8502208539686789
623, 0.8500870030785705
624, 0.8487484941774863
625, 0.8484807923972695
626, 0.8488823450675947
627, 0.8500870030785705
628, 0.8496854504082452
629, 0.8491500468478115
630, 0.8488823450675946
631, 0.8478115379467274
632, 0.8484807923972695
633, 0.8495515995181369
634, 0.8488823450675947
635, 0.8491500468478115
636, 0.8490161959577031
637, 0.84928389773792
638, 0.84928389773792
639, 0.8498193012983536
640, 0.8507562575291125
641, 0.8502208539686789
642, 0.8487484941774862
643, 0.8490161959577032
644, 0.8494177486280284
645, 0.8510239593093294
646, 0.8503547048587874
647, 0.8507562575291127
648, 0.8491500468478115
649, 0.8500870030785704
650, 0.8506224066390041
651, 0.8504885557488957
652, 0.8490161959577031
653, 0.8503547048587873
654, 0.8507562575291125
655, 0.8490161959577031
656, 0.8500870030785705
657, 0.8502208539686789
658, 0.8496854504082453
659, 0.8500870030785705
660, 0.8498193012983536
661, 0.8500870030785704
662, 0.8486146432873779
663, 0.849953152188462
664, 0.8503547048587873
665, 0.8487484941774863
666, 0.8486146432873779
667, 0.8484807923972694
668, 0.8499531521884621
669, 0.8482130906170525
670, 0.8491500468478116
671, 0.8510239593093294
672, 0.8506224066390041
673, 0.850890108419221
674, 0.849953152188462
675, 0.8496854504082452
676, 0.8507562575291125
677, 0.8482130906170525
678, 0.8471422834961853
679, 0.8496854504082452
680, 0.8482130906170526
681, 0.8486146432873778
682, 0.8498193012983537
683, 0.8496854504082452
684, 0.8502208539686789
685, 0.8486146432873778
686, 0.8502208539686789
687, 0.84928389773792
688, 0.8488823450675947
689, 0.8490161959577032
690, 0.8491500468478116
691, 0.8498193012983537
692, 0.84928389773792
693, 0.8487484941774863
694, 0.8495515995181367
695, 0.8511578101994378
696, 0.8511578101994378
697, 0.8496854504082452
698, 0.849953152188462
699, 0.8491500468478115
700, 0.8503547048587873
701, 0.8528978717708472
702, 0.8511578101994378
703, 0.850890108419221
704, 0.8504885557488957
705, 0.852496319100522
706, 0.850890108419221
707, 0.8503547048587873
708, 0.8512916610895463
709, 0.8511578101994378
710, 0.8487484941774863
711, 0.8491500468478115
712, 0.8487484941774863
713, 0.8468745817159683
714, 0.8478115379467274
715, 0.8470084326060768
716, 0.8470084326060768
717, 0.8494177486280283
718, 0.8494177486280284
719, 0.847677687056619
720, 0.8482130906170526
721, 0.8479453888368358
722, 0.8494177486280283
723, 0.8488823450675946
724, 0.8479453888368358
725, 0.8482130906170526
726, 0.8480792397269442
727, 0.8487484941774863
728, 0.8471422834961853
729, 0.8487484941774863
730, 0.8482130906170526
731, 0.8487484941774863
732, 0.8456699237049927
733, 0.8480792397269442
734, 0.8470084326060768
735, 0.847677687056619
736, 0.8474099852764021
737, 0.8479453888368358
738, 0.8482130906170525
739, 0.847677687056619
740, 0.8472761343862937
741, 0.8466068799357515
742, 0.8479453888368358
743, 0.8479453888368358
744, 0.8480792397269441
745, 0.8487484941774862
746, 0.8506224066390042
747, 0.8502208539686789
748, 0.8474099852764021
749, 0.8479453888368357
750, 0.8483469415071611
751, 0.8486146432873779
752, 0.8488823450675947
753, 0.8472761343862937
754, 0.8488823450675947
755, 0.8480792397269442
756, 0.8478115379467274
757, 0.8488823450675947
758, 0.8490161959577031
759, 0.8482130906170526
760, 0.8478115379467274
761, 0.8482130906170525
762, 0.8496854504082452
763, 0.8490161959577032
764, 0.8482130906170526
765, 0.8467407308258599
766, 0.8464730290456431
767, 0.8460714763753178
768, 0.8487484941774862
769, 0.8482130906170525
770, 0.8479453888368358
771, 0.8468745817159684
772, 0.8459376254852095
773, 0.8471422834961851
774, 0.8487484941774863
775, 0.8479453888368358
776, 0.8471422834961853
777, 0.8479453888368358
778, 0.847677687056619
779, 0.8470084326060768
780, 0.8478115379467274
781, 0.8478115379467274
782, 0.8472761343862937
783, 0.8480792397269442
784, 0.8475438361665105
785, 0.84674073082586
786, 0.8466068799357517
787, 0.8463391781555347
788, 0.8474099852764021
789, 0.84674073082586
790, 0.8464730290456431
791, 0.8459376254852095
792, 0.8466068799357516
793, 0.8459376254852095
794, 0.845803774595101
795, 0.8447329674742337
796, 0.8463391781555347
797, 0.847677687056619
798, 0.847677687056619
799, 0.847677687056619
800, 0.8463391781555347
801, 0.845803774595101
802, 0.8455360728148842
803, 0.8460714763753179
804, 0.8463391781555347
805, 0.8470084326060768
806, 0.8463391781555347
807, 0.8456699237049926
808, 0.8462053272654264
809, 0.8456699237049926
810, 0.8456699237049926
811, 0.8455360728148842
812, 0.8456699237049926
813, 0.8455360728148842
814, 0.8472761343862937
815, 0.8470084326060768
816, 0.8474099852764021
817, 0.8479453888368358
818, 0.8464730290456431
819, 0.8470084326060768
820, 0.8459376254852095
821, 0.8471422834961853
822, 0.8459376254852095
823, 0.847677687056619
824, 0.8482130906170525
825, 0.8471422834961853
826, 0.8476776870566188
827, 0.84674073082586
828, 0.8462053272654263
829, 0.846071476375318
830, 0.8470084326060768
831, 0.8468745817159684
832, 0.8479453888368358
833, 0.8459376254852096
834, 0.8470084326060768
835, 0.8463391781555347
836, 0.8468745817159684
837, 0.8479453888368358
838, 0.8475438361665105
839, 0.8464730290456431
840, 0.847677687056619
841, 0.8463391781555347
842, 0.8456699237049927
843, 0.8454022219247758
844, 0.8454022219247758
845, 0.8459376254852095
846, 0.84674073082586
847, 0.8455360728148842
848, 0.8462053272654264
849, 0.8455360728148842
850, 0.8456699237049927
851, 0.8451345201445589
852, 0.8454022219247758
853, 0.8468745817159684
854, 0.8459376254852095
855, 0.8447329674742338
856, 0.8448668183643421
857, 0.8436621603533664
858, 0.847409985276402
859, 0.8486146432873779
860, 0.8480792397269442
861, 0.8464730290456431
862, 0.8450006692544505
863, 0.8455360728148842
864, 0.8447329674742338
865, 0.8428590550127157
866, 0.8464730290456431
867, 0.8456699237049926
868, 0.8454022219247758
869, 0.8447329674742338
870, 0.8452683710346675
871, 0.8456699237049926
872, 0.8452683710346675
873, 0.8445991165841253
874, 0.8450006692544505
875, 0.8455360728148842
876, 0.8451345201445589
877, 0.8450006692544505
878, 0.8459376254852095
879, 0.8455360728148842
880, 0.8456699237049926
881, 0.8452683710346673
882, 0.8447329674742338
883, 0.8462053272654263
884, 0.8452683710346675
885, 0.8443314148039085
886, 0.8441975639138
887, 0.8450006692544506
888, 0.8448668183643422
889, 0.8447329674742337
890, 0.8435283094632579
891, 0.8452683710346673
892, 0.8441975639138001
893, 0.8459376254852095
894, 0.84674073082586
895, 0.8470084326060768
896, 0.8440637130236917
897, 0.8437960112434748
898, 0.8437960112434748
899, 0.845803774595101
900, 0.8447329674742338
901, 0.8475438361665105
902, 0.8479453888368358
903, 0.8459376254852095
904, 0.843528309463258
905, 0.8456699237049926
906, 0.8460714763753179
907, 0.845134520144559
908, 0.8450006692544506
909, 0.8440637130236917
910, 0.8452683710346673
911, 0.8455360728148842
912, 0.8448668183643421
913, 0.8462053272654263
914, 0.8460714763753179
915, 0.8462053272654262
916, 0.8460714763753179
917, 0.8439298621335831
918, 0.8440637130236917
919, 0.845803774595101
920, 0.8455360728148842
921, 0.8474099852764021
922, 0.8437960112434747
923, 0.8428590550127159
924, 0.8441975639138
925, 0.8450006692544505
926, 0.8441975639138001
927, 0.8464730290456431
928, 0.8460714763753179
929, 0.8448668183643422
930, 0.8448668183643422
931, 0.8459376254852095
932, 0.8475438361665105
933, 0.8441975639138001
934, 0.8441975639138
935, 0.8432606076830411
936, 0.8468745817159684
937, 0.8441975639138
938, 0.845134520144559
939, 0.8447329674742338
940, 0.8439298621335832
941, 0.8452683710346673
942, 0.8452683710346675
943, 0.8440637130236917
944, 0.8443314148039085
945, 0.8455360728148842
946, 0.8440637130236917
947, 0.8459376254852096
948, 0.8455360728148842
949, 0.8463391781555348
950, 0.8454022219247758
951, 0.8450006692544506
952, 0.8459376254852095
953, 0.8450006692544505
954, 0.8455360728148842
955, 0.8429929059028243
956, 0.8433944585731494
957, 0.8439298621335831
958, 0.8433944585731495
959, 0.8445991165841253
960, 0.8436621603533664
961, 0.8441975639138
962, 0.8466068799357516
963, 0.8436621603533664
964, 0.8445991165841253
965, 0.8441975639138
966, 0.8433944585731495
967, 0.8439298621335832
968, 0.8439298621335831
969, 0.8444652656940168
970, 0.8431267567929327
971, 0.8424575023423906
972, 0.8413866952215232
973, 0.8427252041226074
974, 0.8447329674742338
975, 0.8452683710346673
976, 0.8450006692544505
977, 0.8454022219247758
978, 0.8443314148039085
979, 0.8454022219247759
980, 0.8452683710346673
981, 0.8466068799357516
982, 0.8455360728148842
983, 0.8451345201445589
984, 0.84674073082586
985, 0.8462053272654263
986, 0.8452683710346673
987, 0.8447329674742337
988, 0.8463391781555347
989, 0.8448668183643421
990, 0.8439298621335832
991, 0.8439298621335832
992, 0.8439298621335831
993, 0.8440637130236917
994, 0.8450006692544505
995, 0.8431267567929327
996, 0.8447329674742338
997, 0.8448668183643422
998, 0.8439298621335832
999, 0.8464730290456431
1000, 0.8455360728148842
1001, 0.8454022219247758
1002, 0.8468745817159684
1003, 0.8463391781555347
1004, 0.8440637130236917
1005, 0.8444652656940168
1006, 0.8427252041226074
1007, 0.8448668183643422
1008, 0.8459376254852095
1009, 0.8437960112434748
1010, 0.8437960112434748
1011, 0.8427252041226074
1012, 0.8447329674742338
1013, 0.8444652656940168
1014, 0.8445991165841253
1015, 0.8421898005621737
1016, 0.843528309463258
1017, 0.8447329674742337
1018, 0.8454022219247759
1019, 0.8448668183643421
1020, 0.8463391781555347
1021, 0.8441975639138
1022, 0.8450006692544505
1023, 0.8463391781555347
1024, 0.845134520144559
1025, 0.8433944585731495
1026, 0.8428590550127159
1027, 0.8447329674742338
1028, 0.845134520144559
1029, 0.8456699237049927
1030, 0.8452683710346673
1031, 0.8452683710346673
1032, 0.8436621603533663
1033, 0.8437960112434748
1034, 0.8421898005621737
1035, 0.8440637130236917
1036, 0.843528309463258
1037, 0.8432606076830411
1038, 0.8455360728148842
1039, 0.8443314148039084
1040, 0.8459376254852095
1041, 0.8459376254852095
1042, 0.843528309463258
1043, 0.8451345201445589
1044, 0.8447329674742337
1045, 0.8458037745951011
1046, 0.8459376254852095
1047, 0.8455360728148842
1048, 0.8450006692544505
1049, 0.8451345201445589
1050, 0.8428590550127159
1051, 0.8429929059028243
1052, 0.845134520144559
1053, 0.8456699237049926
1054, 0.8448668183643422
1055, 0.8463391781555347
1056, 0.8459376254852095
1057, 0.8459376254852096
1058, 0.8463391781555347
1059, 0.8459376254852096
1060, 0.8455360728148842
1061, 0.845134520144559
1062, 0.845803774595101
1063, 0.8450006692544506
1064, 0.8432606076830411
1065, 0.842323651452282
1066, 0.843528309463258
1067, 0.8463391781555347
1068, 0.8445991165841253
1069, 0.8431267567929326
1070, 0.8440637130236917
1071, 0.8431267567929327
1072, 0.8439298621335831
1073, 0.8464730290456431
1074, 0.8463391781555347
1075, 0.84674073082586
1076, 0.8445991165841252
1077, 0.8431267567929327
1078, 0.8451345201445589
1079, 0.8456699237049927
1080, 0.8454022219247758
1081, 0.8448668183643421
1082, 0.846071476375318
1083, 0.8445991165841252
1084, 0.8443314148039085
1085, 0.84674073082586
1086, 0.8445991165841253
1087, 0.8454022219247758
1088, 0.8452683710346673
1089, 0.8441975639138001
1090, 0.843260607683041
1091, 0.8436621603533664
1092, 0.8444652656940169
1093, 0.8433944585731495
1094, 0.8462053272654262
1095, 0.8460714763753179
1096, 0.8454022219247759
1097, 0.8423236514522822
1098, 0.8443314148039085
1099, 0.8441975639138001
1100, 0.8439298621335831
1101, 0.8443314148039085
1102, 0.8440637130236917
1103, 0.8450006692544506
1104, 0.845803774595101
1105, 0.8460714763753179
1106, 0.8466068799357516
1107, 0.8448668183643422
1108, 0.8448668183643422
1109, 0.8444652656940168
1110, 0.8474099852764021
1111, 0.8486146432873778
1112, 0.8482130906170526
1113, 0.8468745817159684
1114, 0.8462053272654263
1115, 0.8452683710346673
1116, 0.8454022219247758
1117, 0.8447329674742337
1118, 0.845803774595101
1119, 0.8444652656940168
1120, 0.8462053272654263
1121, 0.8464730290456431
1122, 0.8455360728148842
1123, 0.8452683710346675
1124, 0.8454022219247758
1125, 0.8443314148039085
1126, 0.8466068799357516
1127, 0.8447329674742337
1128, 0.8428590550127159
1129, 0.8455360728148842
1130, 0.8448668183643422
1131, 0.8429929059028243
1132, 0.8445991165841253
1133, 0.8445991165841253
1134, 0.8436621603533663
1135, 0.8455360728148842
1136, 0.8468745817159684
1137, 0.8445991165841252
1138, 0.8471422834961853
1139, 0.8474099852764021
1140, 0.8482130906170526
1141, 0.8470084326060768
1142, 0.8478115379467274
1143, 0.8484807923972695
1144, 0.8463391781555347
1145, 0.8468745817159684
1146, 0.8462053272654263
1147, 0.8445991165841253
1148, 0.84674073082586
1149, 0.8474099852764021
1150, 0.8452683710346673
1151, 0.8450006692544505
1152, 0.845803774595101
1153, 0.8439298621335831
1154, 0.8447329674742337
1155, 0.8471422834961853
1156, 0.8444652656940169
1157, 0.8462053272654264
1158, 0.8478115379467274
1159, 0.8466068799357516
1160, 0.8463391781555347
1161, 0.8468745817159684
1162, 0.8468745817159684
1163, 0.8466068799357516
1164, 0.8471422834961853
1165, 0.8463391781555347
1166, 0.8447329674742337
1167, 0.8464730290456431
1168, 0.8454022219247758
1169, 0.8483469415071611
1170, 0.8484807923972695
1171, 0.8463391781555347
1172, 0.8462053272654264
1173, 0.8463391781555347
1174, 0.8459376254852095
1175, 0.845803774595101
1176, 0.8459376254852095
1177, 0.8462053272654263
1178, 0.8470084326060768
1179, 0.8455360728148842
1180, 0.8445991165841253
1181, 0.8450006692544505
1182, 0.8454022219247758
1183, 0.8454022219247759
1184, 0.8460714763753179
1185, 0.8437960112434748
1186, 0.8460714763753179
1187, 0.8471422834961853
1188, 0.8448668183643421
1189, 0.8470084326060769
1190, 0.8455360728148842
1191, 0.8463391781555347
1192, 0.8468745817159684
1193, 0.8471422834961853
1194, 0.8470084326060768
1195, 0.8444652656940168
1196, 0.8470084326060768
1197, 0.8462053272654263
1198, 0.8452683710346673
1199, 0.8460714763753179
1200, 0.8455360728148842
1201, 0.847677687056619
1202, 0.8462053272654264
1203, 0.8433944585731494
1204, 0.8448668183643422
1205, 0.8463391781555347
1206, 0.8443314148039085
1207, 0.845134520144559
1208, 0.8437960112434748
1209, 0.8443314148039085
1210, 0.845803774595101
1211, 0.8445991165841253
1212, 0.8440637130236917
1213, 0.8444652656940168
1214, 0.8455360728148842
1215, 0.8462053272654263
1216, 0.8463391781555347
1217, 0.8444652656940169
1218, 0.8448668183643422
1219, 0.8464730290456433
1220, 0.8462053272654264
1221, 0.8468745817159684
1222, 0.8463391781555347
1223, 0.8455360728148842
1224, 0.843528309463258
1225, 0.843528309463258
1226, 0.8433944585731494
1227, 0.845803774595101
1228, 0.8463391781555347
1229, 0.8470084326060768
1230, 0.8454022219247759
1231, 0.8462053272654262
1232, 0.8437960112434748
1233, 0.8470084326060768
1234, 0.8470084326060768
1235, 0.8463391781555347
1236, 0.8471422834961853
1237, 0.8468745817159684
1238, 0.8478115379467274
1239, 0.845803774595101
1240, 0.8454022219247758
1241, 0.8433944585731495
1242, 0.8452683710346673
1243, 0.8448668183643421
1244, 0.8452683710346673
1245, 0.8466068799357516
1246, 0.8444652656940169
1247, 0.845134520144559
1248, 0.8454022219247758
1249, 0.8464730290456431
1250, 0.8441975639138
1251, 0.8455360728148842
1252, 0.8447329674742337
1253, 0.8445991165841253
1254, 0.845803774595101
1255, 0.8468745817159684
1256, 0.8480792397269443
1257, 0.8486146432873778
1258, 0.845803774595101
1259, 0.8464730290456433
1260, 0.8480792397269441
1261, 0.8487484941774863
1262, 0.8460714763753179
1263, 0.846473029045643
1264, 0.8437960112434748
1265, 0.8444652656940168
1266, 0.8460714763753179
1267, 0.8454022219247758
1268, 0.8456699237049927
1269, 0.845134520144559
1270, 0.8436621603533663
1271, 0.8437960112434748
1272, 0.8451345201445589
1273, 0.8455360728148842
1274, 0.8480792397269441
1275, 0.8495515995181367
1276, 0.8478115379467274
1277, 0.8471422834961853
1278, 0.8496854504082453
1279, 0.8480792397269442
1280, 0.8472761343862937
1281, 0.8436621603533663
1282, 0.8445991165841252
1283, 0.8432606076830411
1284, 0.8443314148039084
1285, 0.8448668183643421
1286, 0.8455360728148842
1287, 0.8463391781555347
1288, 0.8464730290456431
1289, 0.8490161959577032
1290, 0.8464730290456433
1291, 0.8456699237049926
1292, 0.8468745817159684
1293, 0.8452683710346673
1294, 0.8463391781555347
1295, 0.8488823450675947
1296, 0.8462053272654263
1297, 0.8464730290456431
1298, 0.8452683710346673
1299, 0.845803774595101
1300, 0.8448668183643422
1301, 0.8443314148039085
1302, 0.8439298621335831
1303, 0.8440637130236917
1304, 0.8475438361665105
1305, 0.8466068799357516
1306, 0.8424575023423906
1307, 0.8425913532324991
1308, 0.8445991165841252
1309, 0.8456699237049926
1310, 0.8479453888368358
1311, 0.8441975639138
1312, 0.8450006692544506
1313, 0.8451345201445589
1314, 0.8447329674742337
1315, 0.8463391781555347
1316, 0.8484807923972695
1317, 0.8474099852764021
1318, 0.8479453888368357
1319, 0.8454022219247759
1320, 0.8491500468478115
1321, 0.8475438361665105
1322, 0.8464730290456433
1323, 0.8486146432873779
1324, 0.845803774595101
1325, 0.8464730290456431
1326, 0.8456699237049926
1327, 0.8464730290456433
1328, 0.8462053272654263
1329, 0.8460714763753179
1330, 0.8459376254852095
1331, 0.8463391781555347
1332, 0.8450006692544505
1333, 0.8479453888368358
1334, 0.8456699237049926
1335, 0.8450006692544505
1336, 0.8456699237049926
1337, 0.8447329674742337
1338, 0.8466068799357516
1339, 0.8466068799357516
1340, 0.8468745817159684
1341, 0.8466068799357516
1342, 0.8478115379467274
1343, 0.8463391781555347
1344, 0.847677687056619
1345, 0.8484807923972694
1346, 0.8456699237049926
1347, 0.8460714763753179
1348, 0.8459376254852095
1349, 0.8451345201445589
1350, 0.8459376254852095
1351, 0.8437960112434748
1352, 0.8460714763753179
1353, 0.8456699237049926
1354, 0.8479453888368358
1355, 0.8479453888368358
1356, 0.8463391781555347
1357, 0.845803774595101
1358, 0.8468745817159684
1359, 0.8468745817159684
1360, 0.8474099852764021
1361, 0.8459376254852093
1362, 0.84674073082586
1363, 0.847677687056619
1364, 0.8447329674742338
1365, 0.8471422834961853
1366, 0.8474099852764021
1367, 0.845803774595101
1368, 0.8459376254852096
1369, 0.8488823450675947
1370, 0.8471422834961853
1371, 0.8444652656940168
1372, 0.845803774595101
1373, 0.8466068799357516
1374, 0.847677687056619
1375, 0.8444652656940168
1376, 0.8459376254852096
1377, 0.8466068799357516
1378, 0.8468745817159684
1379, 0.8450006692544505
1380, 0.8462053272654263
1381, 0.8450006692544505
1382, 0.8471422834961853
1383, 0.847677687056619
1384, 0.8468745817159684
1385, 0.8464730290456431
1386, 0.8482130906170526
1387, 0.84928389773792
1388, 0.8486146432873778
1389, 0.8475438361665105
1390, 0.8467407308258601
1391, 0.8475438361665105
1392, 0.8464730290456431
1393, 0.8474099852764021
1394, 0.8463391781555347
1395, 0.8450006692544505
1396, 0.8488823450675946
1397, 0.848346941507161
1398, 0.8474099852764021
1399, 0.8480792397269441
1400, 0.8479453888368358
1401, 0.8472761343862938
1402, 0.8482130906170526
1403, 0.8488823450675946
1404, 0.8463391781555347
1405, 0.8472761343862937
1406, 0.8462053272654262
1407, 0.8484807923972695
1408, 0.8495515995181367
1409, 0.8472761343862938
1410, 0.8504885557488957
1411, 0.8475438361665104
1412, 0.8483469415071611
1413, 0.8490161959577032
1414, 0.84928389773792
1415, 0.8484807923972695
1416, 0.8488823450675947
1417, 0.8474099852764021
1418, 0.8475438361665105
1419, 0.8450006692544505
1420, 0.8478115379467274
1421, 0.8479453888368357
1422, 0.8474099852764021
1423, 0.8468745817159684
1424, 0.8482130906170526
1425, 0.8464730290456431
1426, 0.8460714763753179
1427, 0.8491500468478115
1428, 0.8484807923972695
1429, 0.8490161959577032
1430, 0.8488823450675946
1431, 0.8470084326060768
1432, 0.8474099852764021
1433, 0.8484807923972695
1434, 0.8459376254852096
1435, 0.8472761343862937
1436, 0.845803774595101
1437, 0.8479453888368358
1438, 0.84674073082586
1439, 0.845803774595101
1440, 0.8468745817159684
1441, 0.8466068799357516
1442, 0.8471422834961853
1443, 0.8472761343862937
1444, 0.8460714763753179
1445, 0.8470084326060767
1446, 0.847677687056619
1447, 0.8459376254852095
1448, 0.8495515995181369
1449, 0.8479453888368357
1450, 0.8474099852764021
1451, 0.8455360728148842
1452, 0.8459376254852095
1453, 0.8487484941774863
1454, 0.8483469415071611
1455, 0.8498193012983537
1456, 0.8480792397269442
1457, 0.8463391781555347
1458, 0.8478115379467274
1459, 0.8462053272654263
1460, 0.8500870030785705
1461, 0.8504885557488957
1462, 0.8482130906170526
1463, 0.849953152188462
1464, 0.8488823450675946
1465, 0.8472761343862936
1466, 0.8444652656940168
1467, 0.845803774595101
1468, 0.8452683710346673
1469, 0.8472761343862936
1470, 0.8486146432873779
1471, 0.8475438361665105
1472, 0.8472761343862937
1473, 0.8500870030785704
1474, 0.8472761343862937
1475, 0.845803774595101
1476, 0.8455360728148842
1477, 0.847677687056619
1478, 0.8464730290456433
1479, 0.848346941507161
1480, 0.8474099852764021
1481, 0.8482130906170526
1482, 0.8474099852764021
1483, 0.8466068799357516
1484, 0.847677687056619
1485, 0.8471422834961853
1486, 0.8494177486280283
1487, 0.8464730290456433
1488, 0.84674073082586
1489, 0.8475438361665105
1490, 0.8487484941774863
1491, 0.8486146432873779
1492, 0.8459376254852095
1493, 0.8470084326060768
1494, 0.8488823450675947
1495, 0.8479453888368358
1496, 0.8479453888368358
1497, 0.8490161959577032
1498, 0.8488823450675946
1499, 0.8478115379467274
1500, 0.8479453888368358
1501, 0.8463391781555347
1502, 0.8471422834961853
1503, 0.847677687056619
1504, 0.8470084326060768
1505, 0.8472761343862937
1506, 0.8466068799357516
1507, 0.8466068799357516
1508, 0.8483469415071611
1509, 0.8490161959577032
1510, 0.8486146432873778
1511, 0.8471422834961853
1512, 0.8464730290456431
1513, 0.8472761343862936
1514, 0.8468745817159683
1515, 0.8487484941774863
1516, 0.8479453888368357
1517, 0.8484807923972695
1518, 0.8480792397269442
1519, 0.8498193012983537
1520, 0.8488823450675946
1521, 0.8486146432873778
1522, 0.8475438361665105
1523, 0.8475438361665104
1524, 0.8491500468478115
1525, 0.8495515995181369
1526, 0.8496854504082452
1527, 0.8484807923972695
1528, 0.8483469415071611
1529, 0.8494177486280284
1530, 0.8496854504082453
1531, 0.8492838977379199
1532, 0.8483469415071611
1533, 0.8483469415071611
1534, 0.8463391781555347
1535, 0.84928389773792
1536, 0.8494177486280283
1537, 0.8504885557488957
1538, 0.8491500468478115
1539, 0.8498193012983536
1540, 0.8500870030785705
1541, 0.8482130906170526
1542, 0.8488823450675946
1543, 0.8484807923972695
1544, 0.8474099852764021
1545, 0.8480792397269441
1546, 0.8482130906170526
1547, 0.8488823450675947
1548, 0.8464730290456431
1549, 0.848346941507161
1550, 0.84928389773792
1551, 0.8488823450675947
1552, 0.8478115379467274
1553, 0.847409985276402
1554, 0.8494177486280283
1555, 0.8520947664301968
1556, 0.8496854504082452
1557, 0.8503547048587873
1558, 0.8500870030785704
1559, 0.8500870030785704
1560, 0.8496854504082452
1561, 0.847677687056619
1562, 0.8483469415071611
1563, 0.8483469415071611
1564, 0.8482130906170526
1565, 0.84928389773792
1566, 0.847677687056619
1567, 0.8496854504082452
1568, 0.8471422834961853
1569, 0.8478115379467273
1570, 0.8472761343862937
1571, 0.8472761343862937
1572, 0.8484807923972695
1573, 0.8487484941774863
1574, 0.8487484941774863
1575, 0.8480792397269441
1576, 0.8491500468478115
1577, 0.8475438361665104
1578, 0.845803774595101
1579, 0.8471422834961853
1580, 0.8491500468478115
1581, 0.8480792397269442
1582, 0.8486146432873778
1583, 0.8487484941774863
1584, 0.8495515995181369
1585, 0.8472761343862937
1586, 0.8491500468478115
1587, 0.8460714763753179
1588, 0.8490161959577032
1589, 0.8487484941774863
1590, 0.8471422834961853
1591, 0.8495515995181369
1592, 0.8487484941774863
1593, 0.8472761343862937
1594, 0.8492838977379199
1595, 0.8480792397269442
1596, 0.8492838977379199
1597, 0.8484807923972695
1598, 0.8490161959577032
1599, 0.847677687056619
1600, 0.8488823450675947
1601, 0.8491500468478115
1602, 0.8506224066390041
1603, 0.851559362869763
1604, 0.8486146432873778
1605, 0.847677687056619
1606, 0.8470084326060769
1607, 0.8483469415071611
1608, 0.848346941507161
1609, 0.8500870030785704
1610, 0.8490161959577032
1611, 0.8479453888368358
1612, 0.8487484941774862
1613, 0.8470084326060768
1614, 0.8478115379467273
1615, 0.8478115379467274
1616, 0.8490161959577032
1617, 0.8494177486280283
1618, 0.8490161959577031
1619, 0.8480792397269441
1620, 0.8487484941774863
1621, 0.8484807923972695
1622, 0.8482130906170526
1623, 0.8486146432873778
1624, 0.8480792397269441
1625, 0.8475438361665104
1626, 0.8492838977379199
1627, 0.8490161959577032
1628, 0.84928389773792
1629, 0.8500870030785704
1630, 0.8495515995181369
1631, 0.8492838977379199
1632, 0.848346941507161
1633, 0.8470084326060768
1634, 0.847677687056619
1635, 0.8491500468478115
1636, 0.8479453888368358
1637, 0.8478115379467274
1638, 0.8491500468478115
1639, 0.8495515995181367
1640, 0.8488823450675947
1641, 0.8483469415071611
1642, 0.8487484941774863
1643, 0.849953152188462
1644, 0.8496854504082452
1645, 0.8486146432873778
1646, 0.84928389773792
1647, 0.8498193012983537
1648, 0.8484807923972695
1649, 0.8498193012983536
1650, 0.8491500468478115
1651, 0.8496854504082453
1652, 0.8494177486280283
1653, 0.8494177486280283
1654, 0.8491500468478115
1655, 0.8479453888368358
1656, 0.8490161959577032
1657, 0.8498193012983536
1658, 0.8488823450675946
1659, 0.8486146432873778
1660, 0.8488823450675946
1661, 0.8490161959577032
1662, 0.8487484941774862
1663, 0.8494177486280283
1664, 0.847677687056619
1665, 0.8502208539686789
1666, 0.849953152188462
1667, 0.8496854504082452
1668, 0.8495515995181369
1669, 0.8527640208807389
1670, 0.8496854504082452
1671, 0.8484807923972695
1672, 0.8483469415071611
1673, 0.8495515995181369
1674, 0.8494177486280283
1675, 0.8502208539686789
1676, 0.8502208539686789
1677, 0.8510239593093294
1678, 0.8498193012983537
1679, 0.8502208539686789
1680, 0.8498193012983536
1681, 0.8495515995181367
1682, 0.8479453888368358
1683, 0.8470084326060768
1684, 0.8482130906170526
1685, 0.8482130906170526
1686, 0.8495515995181369
1687, 0.8490161959577031
1688, 0.8495515995181369
1689, 0.8480792397269442
1690, 0.8491500468478115
1691, 0.8495515995181369
1692, 0.8500870030785705
1693, 0.8498193012983537
1694, 0.8512916610895462
1695, 0.8491500468478115
1696, 0.8478115379467274
1697, 0.8507562575291125
1698, 0.84928389773792
1699, 0.8496854504082452
1700, 0.8514255119796547
1701, 0.8511578101994378
1702, 0.8491500468478115
1703, 0.8495515995181369
1704, 0.8496854504082452
1705, 0.8503547048587873
1706, 0.8490161959577032
1707, 0.8480792397269442
1708, 0.8478115379467273
1709, 0.8502208539686789
1710, 0.8502208539686789
1711, 0.8512916610895462
1712, 0.8515593628697631
1713, 0.8496854504082452
1714, 0.8498193012983536
1715, 0.8506224066390041
1716, 0.8490161959577031
1717, 0.8491500468478115
1718, 0.8478115379467274
1719, 0.849953152188462
1720, 0.8487484941774863
1721, 0.8511578101994378
1722, 0.8516932137598714
1723, 0.8504885557488957
1724, 0.8519609155400883
1725, 0.8506224066390042
1726, 0.8490161959577032
1727, 0.8491500468478115
1728, 0.8500870030785704
1729, 0.8495515995181367
1730, 0.8502208539686789
1731, 0.8498193012983536
1732, 0.8482130906170526
1733, 0.8482130906170526
1734, 0.8487484941774863
1735, 0.8472761343862937
1736, 0.8498193012983537
1737, 0.847677687056619
1738, 0.8478115379467273
1739, 0.847677687056619
1740, 0.8474099852764021
1741, 0.8483469415071611
1742, 0.84928389773792
1743, 0.8491500468478116
1744, 0.8498193012983536
1745, 0.8502208539686789
1746, 0.8495515995181367
1747, 0.8495515995181367
1748, 0.8507562575291125
1749, 0.8491500468478115
1750, 0.8479453888368358
1751, 0.8490161959577032
1752, 0.8486146432873779
1753, 0.8494177486280283
1754, 0.8484807923972695
1755, 0.8496854504082452
1756, 0.8507562575291125
1757, 0.8496854504082452
1758, 0.8500870030785704
1759, 0.8479453888368358
1760, 0.8504885557488957
1761, 0.8500870030785704
1762, 0.8495515995181367
1763, 0.8504885557488957
1764, 0.8500870030785704
1765, 0.8494177486280283
1766, 0.8498193012983537
1767, 0.8512916610895462
1768, 0.8507562575291125
1769, 0.8506224066390041
1770, 0.8486146432873779
1771, 0.8494177486280283
1772, 0.8474099852764021
1773, 0.8512916610895462
1774, 0.8518270646499799
1775, 0.8507562575291125
1776, 0.8495515995181369
1777, 0.8487484941774863
1778, 0.8510239593093294
1779, 0.8491500468478115
1780, 0.8460714763753179
1781, 0.8467407308258599
1782, 0.8500870030785705
1783, 0.8486146432873778
1784, 0.8478115379467274
1785, 0.8475438361665105
1786, 0.8479453888368358
1787, 0.8488823450675946
1788, 0.8510239593093294
1789, 0.8504885557488957
1790, 0.8500870030785704
1791, 0.8484807923972695
1792, 0.8504885557488957
1793, 0.850890108419221
1794, 0.8543702315620398
1795, 0.8527640208807389
1796, 0.8514255119796547
1797, 0.850890108419221
1798, 0.8507562575291125
1799, 0.8519609155400883
1800, 0.8504885557488957
1801, 0.8498193012983536
1802, 0.8511578101994378
1803, 0.8498193012983537
1804, 0.850890108419221
1805, 0.8516932137598715
1806, 0.8507562575291125
1807, 0.849953152188462
1808, 0.8498193012983536
1809, 0.8511578101994378
1810, 0.8523624682104136
1811, 0.8518270646499799
1812, 0.8515593628697631
1813, 0.8508901084192211
1814, 0.84928389773792
1815, 0.8487484941774863
1816, 0.8488823450675946
1817, 0.849953152188462
1818, 0.8500870030785704
1819, 0.8479453888368358
1820, 0.8496854504082452
1821, 0.8488823450675946
1822, 0.8491500468478115
1823, 0.8502208539686789
1824, 0.8486146432873778
1825, 0.8502208539686789
1826, 0.847677687056619
1827, 0.849953152188462
1828, 0.8478115379467274
1829, 0.8487484941774863
1830, 0.84928389773792
1831, 0.8508901084192211
1832, 0.8494177486280283
1833, 0.8504885557488957
1834, 0.8491500468478115
1835, 0.850622406639004
1836, 0.8506224066390042
1837, 0.8504885557488957
1838, 0.8515593628697631
1839, 0.849953152188462
1840, 0.8506224066390041
1841, 0.8510239593093294
1842, 0.849953152188462
1843, 0.8498193012983536
1844, 0.8482130906170526
1845, 0.8487484941774863
1846, 0.8475438361665105
1847, 0.8515593628697631
1848, 0.8518270646499799
1849, 0.8518270646499799
1850, 0.8515593628697631
1851, 0.84928389773792
1852, 0.8503547048587873
1853, 0.8510239593093294
1854, 0.8498193012983537
1855, 0.849953152188462
1856, 0.847677687056619
1857, 0.8480792397269441
1858, 0.8490161959577031
1859, 0.8500870030785705
1860, 0.850890108419221
1861, 0.8518270646499799
1862, 0.8502208539686789
1863, 0.8502208539686789
1864, 0.84928389773792
1865, 0.8502208539686789
1866, 0.850890108419221
1867, 0.8482130906170526
1868, 0.8492838977379199
1869, 0.8486146432873779
1870, 0.8504885557488957
1871, 0.8506224066390041
1872, 0.8504885557488957
1873, 0.8502208539686789
1874, 0.8500870030785703
1875, 0.8516932137598715
1876, 0.850890108419221
1877, 0.8507562575291125
1878, 0.8518270646499799
1879, 0.8504885557488957
1880, 0.8507562575291125
1881, 0.8503547048587873
1882, 0.849953152188462
1883, 0.8495515995181367
1884, 0.8503547048587874
1885, 0.84928389773792
1886, 0.8496854504082452
1887, 0.84674073082586
1888, 0.8496854504082453
1889, 0.8518270646499799
1890, 0.8511578101994378
1891, 0.8520947664301968
1892, 0.8522286173203052
1893, 0.8526301699906305
1894, 0.8526301699906305
1895, 0.8500870030785704
1896, 0.8510239593093294
1897, 0.8516932137598714
1898, 0.850890108419221
1899, 0.8498193012983537
1900, 0.8504885557488957
1901, 0.8491500468478115
1902, 0.8519609155400885
1903, 0.8512916610895462
1904, 0.8496854504082452
1905, 0.8482130906170525
1906, 0.8488823450675947
1907, 0.8470084326060768
1908, 0.8483469415071611
1909, 0.8472761343862937
1910, 0.8488823450675946
1911, 0.8487484941774863
1912, 0.849953152188462
1913, 0.8496854504082453
1914, 0.850890108419221
1915, 0.8496854504082452
1916, 0.8511578101994379
1917, 0.8504885557488957
1918, 0.8502208539686789
1919, 0.8491500468478116
1920, 0.8514255119796545
1921, 0.8511578101994378
1922, 0.8510239593093294
1923, 0.8511578101994378
1924, 0.8479453888368358
1925, 0.8495515995181369
1926, 0.8507562575291125
1927, 0.8510239593093294
1928, 0.849953152188462
1929, 0.8488823450675946
1930, 0.8490161959577032
1931, 0.8502208539686789
1932, 0.8494177486280283
1933, 0.8510239593093294
1934, 0.8504885557488957
1935, 0.8516932137598714
1936, 0.8522286173203051
1937, 0.8515593628697631
1938, 0.8515593628697631
1939, 0.8494177486280284
1940, 0.8504885557488957
1941, 0.8515593628697631
1942, 0.8512916610895462
1943, 0.8503547048587873
1944, 0.8502208539686789
1945, 0.8494177486280283
1946, 0.8512916610895462
1947, 0.8519609155400883
1948, 0.8482130906170526
1949, 0.8487484941774862
1950, 0.8495515995181367
1951, 0.8520947664301968
1952, 0.8502208539686789
1953, 0.84928389773792
1954, 0.8494177486280283
1955, 0.8500870030785705
1956, 0.8523624682104136
1957, 0.8511578101994378
1958, 0.8504885557488957
1959, 0.849953152188462
1960, 0.8496854504082452
1961, 0.8526301699906305
1962, 0.8510239593093294
1963, 0.8500870030785705
1964, 0.8514255119796548
1965, 0.8515593628697631
1966, 0.8527640208807389
1967, 0.8510239593093294
1968, 0.8507562575291125
1969, 0.8504885557488957
1970, 0.847677687056619
1971, 0.8519609155400883
1972, 0.8494177486280283
1973, 0.8503547048587873
1974, 0.849953152188462
1975, 0.8472761343862936
1976, 0.8495515995181369
1977, 0.8486146432873778
1978, 0.8502208539686789
1979, 0.8523624682104136
1980, 0.8535671262213893
1981, 0.8539686788917146
1982, 0.8519609155400882
1983, 0.8510239593093294
1984, 0.8507562575291125
1985, 0.8507562575291125
1986, 0.8511578101994379
1987, 0.8488823450675947
1988, 0.8503547048587873
1989, 0.8520947664301968
1990, 0.8522286173203051
1991, 0.8520947664301968
1992, 0.8518270646499799
1993, 0.8531655735510641
1994, 0.8507562575291125
1995, 0.8500870030785705
1996, 0.8498193012983536
1997, 0.8494177486280283
1998, 0.8486146432873779
1999, 0.850890108419221
